Population ID	Latitude	Longitude	Elevation	MAT	MWMT	MCMT	TD	MAP	MSP	AHM	SHM	DD_0	DD5	DD_18	DD18	NFFD	bFFP	eFFP	FFP	EMT	EXT	Eref	CMD	RH	OM	P1	P2	BICARB	K	MG	CA	NA	PH	CEC	PERCENT_K	PERCENT_MG	PERCENT_CA	PERCENT_NA	SOL_SALTS
ANN_01	39	-122	6	16	24.3	7.2	17.2	461	22	56.5	1120.9	28	4074	1484	743	340	50	340	290	-11.8	43.5	1331	1029	56	4.1	45	91	0	342	1288	2541	253	7	25.4	3.5	42.3	49.9	4.3	1
ANN_02	37	-121	295	15.7	24.9	7.4	17.4	220	17	116.8	1461.4	28	3964	1569	722	315	83	325	242	-16.1	43.8	1452	1231	50	0.4	7	60	9	182	594	3442	1257	8.5	28.1	1.7	17.6	61.3	19.4	3.4
ANN_03	36	-120	295	16.6	26.5	7.3	19.3	217	16	122.2	1672.4	28	4259	1481	934	328	68	330	263	-14	44.2	1452	1239	53	4	27	136	0	562	433	4155	249	8.1	26.9	5.4	13.4	77.2	4	0.5
ANN_04	35	-119	1,560	10.5	19.8	3.2	16.6	564	32	36.3	622.3	108	2292	2925	190	208	150	273	124	-26.1	41.2	1296	951	45	1.7	22	178	26	718	1135	5822	71	7.9	40.7	4.5	23.2	71.5	0.8	0.6
ANN_05	34	-116	-14	22.4	33	12.2	20.8	78	24	415.4	1404.4	7	6335	627	2204	349	42	343	301	-10	49	1801	1724	50	1	51	150	0	264	318	2435	574	7.7	18	3.8	14.7	67.6	13.9	2.4
ANN_06	34	-117	738	16.4	24.7	10	14.7	664	56	39.8	443	17	4182	1337	730	346	45	350	305	-8.7	43.7	1370	938	57	1.9	16	132	13	67	232	2892	75	7.6	16.9	1	11.4	85.7	1.9	0.3
ANN_07	39	-120	2,330	4.7	14.4	-2.9	17.3	1051	158	14	91.2	501	1084	4859	18	142	186	255	69	-33.1	33.8	724	416	55	1.1	8	115	0	69	83	773	172	7.5	5.5	3.2	12.6	70.6	13.6	0.1
ANN_08	39	-120	1,710	7.8	18.4	-0.8	19.2	634	106	28	172.9	273	1748	3815	101	167	165	256	91	-31.3	38.6	1021	710	48	1.3	19	135	16	447	937	6219	56	7.6	40.3	2.8	19.4	77.2	0.6	1.4
ANN_09	37	-118	1,270	13.5	24.9	3.3	21.7	120	24	196.1	1022.2	84	3323	2284	640	227	118	282	164	-28.2	44.5	1475	1354	40	2.7	14	53	10	324	90	2057	862	7.7	15.6	5.3	4.8	65.9	24	1.8
ANN_10	37	-118	1,205	14.3	26	3.9	22.1	133	27	183	979.9	70	3566	2113	758	249	113	292	179	-25.8	44.3	1460	1326	44	3	5	64	16	484	278	2925	211	8.3	19.1	6.5	12.1	76.6	4.8	0.4
ANN_11	35	-114	1,030	16.5	28.3	6.1	22.1	267	99	99.5	285.7	39	4278	1645	1094	305	89	318	229	-17.5	43.4	1425	1159	54	2.1	9	48	6	575	566	3571	72	8.4	24.4	6	19.3	73.4	1.3	0.3
ANN_12	35	-112	2,115	8.3	19.5	-1.8	21.3	536	223	34.2	87.6	301	1967	3675	152	170	161	270	108	-34.7	36.5	1104	670	45	2.2	23	106	0	265	632	3096	65	7.2	21.7	3.1	24.3	71.3	1.3	0.4
ANN_13	35	-112	1,005	16.4	28.1	5.8	22.3	328	158	80.3	178.4	42	4225	1684	1073	277	102	307	206	-21.9	43.1	1557	1229	47	1.8	3	35	12	210	488	3217	43	8	20.9	2.6	19.5	77	0.9	0.4
ANN_14	36	-111	1,410	13.2	26.3	0	26.3	158	70	146.6	376.1	157	3381	2533	767	240	113	295	182	-29	42.1	1319	1174	50	0.2	1	21	3	148	253	2658	507	9.3	18	2.1	11.7	74	12.2	0.3
ANN_15	35	-111	1,515	12.6	25.5	-0.5	26	201	106	112.4	241.5	175	3213	2648	676	228	120	293	173	-30.7	41.3	1334	1143	48	1.6	3	69	15	686	245	3771	57	8.1	22.9	7.7	8.9	82.3	1.1	0.4
ANN_16	35	-108	2,180	8.3	20.2	-3.1	23.2	327	170	55.9	118.4	366	2056	3726	193	172	154	271	117	-36.7	36.9	1067	808	45	1.2	6	56	6	446	527	7278	198	8.3	42.8	2.7	10.3	85	2	0.6
ANN_17	35	-108	2,425	8.4	19.3	-2	21.3	327	195	56.2	99.1	314	2008	3655	155	190	146	274	128	-32.7	35.9	1006	727	51	4.9	32	58	0	418	319	2925	36	6.7	18.5	5.8	14.4	79	0.8	0.4
ANN_18	36	-104	1,810	10.7	22.1	-0.5	22.7	391	288	52.9	76.9	207	2712	3019	381	202	128	282	154	-33.1	38.9	1200	816	47	2.6	1	23	13	454	214	4442	33	8	25.3	4.6	7	87.8	0.6	0.5
ANN_19	37	-104	2,090	8.9	20.1	-1.5	21.6	415	321	45.6	62.7	280	2226	3501	210	182	141	273	132	-35.1	37.3	1071	675	47	2.9	27	69	0	698	203	4154	19	7.7	24.3	7.4	7	85.3	0.3	0.6
ANN_20	38	-108	2,390	6.2	18.6	-5.3	23.8	406	176	40	105.3	578	1665	4380	100	166	154	263	109	-37.4	36.4	844	561	51	3.6	122	180	0	188	668	1842	124	7.7	15.8	3.1	35.2	58.3	3.4	0.4
ANN_21	39	-108	1,525	10.7	24.5	-3.9	28.5	257	110	80.4	223.1	341	2898	3194	523	220	117	285	167	-33.7	40.6	1121	896	52	2.2	19	41	24	478	666	4668	120	7.9	30.6	4	18.1	76.2	1.7	1
ANN_22	39	-108	1,460	11.1	25.2	-3.8	29	222	99	95.3	255.6	323	3032	3096	590	225	114	286	171	-33.2	41.2	1138	942	52	0.8	2	4	5	310	207	18920	551	7.8	99	0.8	1.7	95.1	2.4	3.8
ANN_23	41	-116	1,790	8.7	22.2	-2.6	24.8	291	106	64.3	209.3	345	2182	3681	297	202	142	279	137	-31.1	39.6	924	713	57	1.4	22	85	0	203	131	1667	332	8.5	11.4	4.6	9.6	73.1	12.7	0.4
ANN_24	39	-120	1,540	8.4	19.4	-1	20.4	479	80	38.5	240.9	264	1938	3630	145	178	159	263	104	-31.3	39.2	1050	801	48	2.5	23	104	0	187	233	2068	146	7.1	13.4	3.6	14.5	77.2	4.7	0.2
ANN_25	37	-114	480	18.4	31.3	6.5	24.8	153	57	185.9	553.2	33	4954	1426	1564	296	89	312	223	-20.1	48.8	1639	1486	46	0.2	1	17	5	153	163	2186	62	8.5	13	3	10.4	84.5	2.1	0.3
ANN_26	37	-114	875	16.3	29.3	4.2	25.1	203	65	129.5	449.6	59	4253	1822	1191	280	99	305	206	-22.8	45.4	1472	1269	50	0.6	25	71	7	451	754	3588	632	8.8	28.1	4.1	22.4	63.7	9.8	4
ANN_27	37	-113	1,660	10.7	22.9	-0.5	23.4	375	130	55.1	175.8	208	2614	3060	397	207	135	282	147	-31.3	40.2	1203	870	48	1.7	31	35	0	68	231	1933	46	8.2	12	1.5	16	80.8	1.7	0.2
ANN_28	38	-113	1,840	8.8	21.5	-2.7	24.2	314	137	59.8	157.6	341	2208	3613	273	182	144	271	127	-34.9	39.7	1048	800	47	1.7	24	122	0	800	158	1669	900	8.6	15.6	13.1	8.4	53.4	25.1	0.5
ANN_29	40	-112	1,465	9.8	24.1	-3.8	27.9	254	106	77.8	227.8	370	2570	3443	451	193	133	273	140	-34.9	41.7	1114	913	47	1	2	61	16	453	448	2347	224	8.3	17.6	6.6	21.2	66.7	5.5	0.4
ANN_30	40	-112	1,590	9	23.2	-4	27.3	288	117	66.1	198.1	405	2374	3634	370	188	139	272	133	-35.4	40.8	1061	834	48	0.9	23	118	13	547	213	2795	34	8.4	17.3	8.1	10.3	80.7	0.9	0.2
ANN_31	40	-112	1,380	10.3	24	-3	26.9	443	157	45.9	152.2	308	2670	3240	458	220	121	281	160	-31.2	41.5	1090	735	53	1.1	5	6	17	373	279	2540	70	8.1	16.3	5.9	14.3	77.9	1.9	0.4
ANN_32	41	-112	1,295	9.6	23.8	-4.3	28.1	518	175	37.8	136	398	2617	3487	442	215	121	280	159	-32.5	41	992	631	55	4.2	34	164	0	846	500	2337	1475	7.9	24.4	8.9	17.1	47.7	26.3	2.8
ANN_33	41	-112	1,295	10.9	25.3	-2.1	27.5	365	141	57.4	179.4	270	2818	3129	565	240	109	290	181	-28.5	41.2	999	682	61	1.3	1	2	8	174	180	2152	97	8.4	13.1	3.4	11.5	81.9	3.2	0.2
ANN_34	41	-112	1,295	10.8	25.2	-2.1	27.2	434	162	48	155.4	269	2778	3157	550	238	111	290	179	-28.6	41.1	994	624	60	4.7	15	100	14	717	345	3253	264	7.9	22.1	8.3	13	73.5	5.2	0.9
ANN_35	41	-110	1,670	7.5	22.2	-8.4	30.7	220	100	79.6	222.9	713	2297	4105	304	179	137	267	130	-39.8	40.4	1030	847	46	2.3	8	93	28	312	202	3162	77	8.1	18.6	4.3	9.1	84.8	1.8	0.5
ANN_36	42	-107	2,040	5.5	19.4	-7	26.4	239	121	64.7	160	776	1703	4667	129	154	160	255	95	-38.7	37.4	822	655	50	1.6	24	77	21	559	590	3283	299	8.1	24.1	5.9	20.4	68.3	5.4	1
ANN_37	40	-105	1,550	8.7	21.6	-3.3	24.8	373	214	50.1	100.9	384	2313	3654	289	189	131	270	139	-36.2	39.3	979	643	48	3.9	40	71	35	479	1271	3528	822	7.8	33	3.7	32.1	53.4	10.8	4
ANN_38	38	-99	555	13	27.1	-1.4	28.5	635	403	36.3	67.2	222	3558	2686	898	226	108	292	185	-29.6	43.6	1155	533	56	6.6	71	131	0	820	530	3817	252	6.6	28.4	7.4	15.6	67.2	3.9	1.1
ANN_39	37	-98	445	14	27.6	-0.3	27.9	717	435	33.5	63.6	169	3801	2440	1006	231	105	296	192	-27.6	44.3	1189	489	58	4.5	32	61	0	289	436	3465	77	7.3	22	3.4	16.5	78.6	1.5	0.3
ANN_40	37	-99	555	13.9	27.6	-0.1	27.7	653	402	36.7	68.6	166	3774	2449	993	229	107	294	187	-28.8	44.6	1239	600	54	4.6	17	65	0	360	225	3457	22	6.6	21.5	4.3	8.7	80.4	0.4	1
ANN_41	37	-98	355	15	28.5	0.9	27.6	703	413	35.5	69	127	4059	2218	1139	237	102	298	196	-26.6	45.3	1280	577	57	2.7	30	91	0	559	473	4876	127	7.8	30.3	4.7	13	80.5	1.8	0.7
ANN_42	33	-97	235	18.3	29.3	6.3	23	863	407	32.8	72	31	4983	1348	1478	302	80	320	240	-18.5	44.7	1389	528	62	5.1	5	21	9	492	313	7398	37	7.6	41	3.1	6.4	90.1	0.4	0.8
ANN_43	30	-98	145	20.2	29.1	9.8	19.3	892	429	33.9	68	12	5583	874	1694	350	51	337	286	-13.2	43.8	1518	625	62	5.6	6	23	9	326	382	4948	39	7.4	28.9	2.9	11	85.5	0.6	0.7
ANN_44	29	-99	215	20.9	29.2	10.6	18.6	672	345	45.9	84.6	10	5786	768	1817	353	48	340	291	-12.2	44.7	1598	926	61	1.9	7	13	0	366	112	2484	19	7.4	14.4	6.5	6.5	86.4	0.6	0.4
ANN_45	29	-100	210	21.4	29.8	10.9	18.9	551	312	57.1	95.6	9	5996	702	1960	355	46	342	296	-11.1	45.5	1641	1091	60	2.3	3	69	18	480	124	3354	20	7.8	19.1	6.4	5.4	87.7	0.5	0.4
ANN_46	34	-117	690	16.7	25.4	9.7	15.7	423	60	63.1	422.4	17	4291	1311	809	336	62	341	279	-11.5	45.1	1492	1095	52	0.8	39	70	0	202	89	874	29	6.5	6.3	8.2	11.8	69.4	2	0.2
ANN_47	33	-112	475	20.9	32.3	10.4	21.9	265	102	116.6	316	12	5817	877	1931	337	57	335	278	-12.5	46.3	1763	1498	50	2.4	14	99	20	1402	302	4957	62	8.1	31.2	11.5	8.1	79.5	0.9	0.7
ANN_48	32	-111	1,030	17	26.6	8.3	18.3	430	262	62.7	101.4	23	4399	1387	989	288	101	312	211	-19.5	42.4	1667	1236	45	1.8	18	85	0	381	159	1986	32	7.1	12.4	7.9	10.7	80.3	1.1	0.2
ANN_49	31	-110	1,275	16.9	26.2	8	18.2	337	212	79.8	123.5	25	4390	1399	992	314	82	321	239	-16.4	41.4	1508	1171	53	2	1	5	15	761	244	3235	118	8.3	20.7	9.4	9.8	78.3	2.5	0.5
ANN_50	32	-108	1,370	15.3	26.2	4.9	21.2	293	173	86.3	151.5	53	3861	1874	867	259	109	300	191	-24.4	41.7	1556	1262	46	2.2	36	149	0	893	419	4620	31	7.9	29	7.9	12	79.6	0.5	0.6
ANN_51	32	-107	1,170	16.7	27.5	5.9	21.6	220	142	121.3	193.1	40	4353	1590	1112	283	95	306	211	-22.1	42.6	1574	1354	49	1.2	3	68	10	613	211	2792	402	8.3	19	8.3	9.3	73.2	9.2	1.2
ANN_52	31	-104	1,140	16.9	26.5	6.3	20.2	349	245	77	108.3	34	4411	1487	1118	288	90	311	220	-21.3	43	1585	1235	50	3.4	2	21	27	680	149	4011	31	8	23.2	7.5	5.4	86.5	0.6	0.5
ANN_53	31	-103	880	17.9	27.9	6.8	21.1	339	219	82.4	127.3	29	4771	1347	1338	293	89	310	222	-20.8	44.5	1613	1273	51	1.2	2	39	10	615	225	4834	29	8.1	27.7	5.7	6.8	87	0.5	0.4
ANN_54	29	-97	90	21	29.3	11	18.3	869	450	35.6	65	9	5835	721	1810	357	45	341	296	-11.5	43.4	1549	678	63	1.4	4	10	4	236	78	3565	30	8	19.2	3.2	3.4	92.7	0.7	0.3
ANN_55	29	-97	0	21.3	29	11.8	17.2	1055	568	29.7	51	7	5963	629	1851	361	37	349	312	-8.7	40.8	1340	333	71	4.4	1	2	10	191	524	2396	1057	7.8	21.4	2.3	20.4	55.8	21.5	2.5
ANN_56	28	-97	1	21.6	28.8	12.2	16.6	856	479	36.9	60.2	6	6065	577	1900	362	35	353	318	-6.9	40.1	1235	416	76	0.5	1	3	11	100	211	1606	802	8.9	13.5	1.9	13	59.3	25.8	1.5
ANN_57	28	-97	0	22.1	29.1	13	16.1	806	464	39.9	62.7	5	6244	502	2017	363	34	358	323	-4.4	40.1	1197	443	78	1.2	1	8	4	153	255	2460	256	8.2	15.9	2.5	13.4	77.1	7	0.6
ANN_58	28	-98	35	21.8	29.6	12.4	17.2	781	463	40.8	63.8	6	6139	570	1971	361	42	346	304	-8.7	43.3	1561	780	64	2.2	13	23	8	246	150	3618	32	7.7	20.1	3.1	6.2	90	0.7	0.5
ANN_59	27	-98	12	22.8	29.2	14.3	14.9	689	444	47.5	65.7	4	6461	394	2130	363	41	351	309	-5.5	42.6	1622	934	65	2.5	20	132	32	917	332	3955	60	8	25.2	9.3	11	78.7	1	0.6
ANN_60	27	-98	0	22.2	28.9	13.2	15.7	680	411	47.3	70.3	5	6253	482	2011	362	42	351	309	-7.3	41.9	1522	842	67	2.8	8	17	7	445	379	2372	266	7.4	17.3	6.6	18.3	68.4	6.7	0.6
ANN_61	28	-98	20	21.9	29.4	12.4	17	756	455	42.2	64.6	6	6160	553	1982	361	42	348	306	-8.1	42.6	1510	754	67	2.4	8	41	16	908	540	6323	90	8.1	38.8	6	11.6	81.4	1	0.7
ANN_62	41	-96	290	9.4	24.4	-7.4	31.8	725	467	26.8	52.3	634	2854	3653	556	196	120	282	161	-34.9	41.6	934	271	57	2.3	57	140	0	633	315	3055	21	7.8	19.6	8.3	13.4	77.8	0.5	0.6
ANN_63	40	-99	550	10.9	25.3	-5.3	30.7	810	521	25.8	48.6	455	3128	3256	682	212	113	287	173	-32.4	42.1	972	227	58	2.4	12	44	19	513	583	5011	100	7.9	31.7	4.1	15.3	79.2	1.4	0.6
ANN_64	40	-100	709	11.3	26.2	-3.8	30.1	612	401	34.9	65.4	361	3171	3145	734	208	115	283	167	-33.3	43.5	1067	500	52	4.6	72	144	0	1002	263	3826	24	7.7	24	10.7	9.1	79.8	0.4	0.6
ANN_65	42	-96	329	10.9	25.5	-3.6	29.1	594	408	35.2	62.7	359	3037	3209	653	202	118	281	163	-33.6	42.6	1051	487	52	1.6	19	98	10	913	289	3647	36	8.1	23.1	10.1	10.4	78.8	0.7	0.6
ANN_66	49	-100	505	2.7	19.4	-17	36.5	467	314	27.2	61.7	1726	1741	5680	149	157	141	258	117	-43.9	39.2	675	297	55	5.2	23	68	38	337	484	3861	33	7.4	24.3	3.6	16.6	79.2	0.6	1.4
ANN_67	40	-95	324	11.1	25.1	-4.4	29.5	923	571	22.9	43.9	393	3132	3148	663	212	115	288	174	-31.4	41.6	965	161	59	2.3	17	42	28	323	528	4861	153	7.8	30.2	2.7	14.6	80.5	2.2	0.6
ANN_68	47	-101	525	5.2	21.6	-13	34.5	428	300	35.5	71.9	1244	2092	4917	275	168	136	266	129	-41	41.1	756	385	54	2.4	2	14	9	325	283	3214	27	8	19.4	4.3	12.2	82.9	0.6	0.4
ANN_69	45	-100	549	7.6	24	-9.7	33.6	460	306	38.2	78.3	876	2521	4221	463	177	129	273	144	-38.5	43.1	873	478	52	3.2	64	113	0	579	538	3291	97	7.5	22.8	6.5	19.7	72	1.8	0.6
ANN_70	43	-97	381	8.9	24.4	-8.3	32.8	646	422	29.2	57.9	716	2774	3824	534	188	122	279	157	-36	42.1	931	332	56	3.3	4	36	29	360	906	3837	64	7.8	27.9	3.3	27.1	68.6	1	1
ANN_71	49	-103	585	3.7	20.1	-15	35.1	416	276	32.8	72.6	1494	1825	5372	180	166	136	261	125	-43.4	38.9	678	346	57	NA	NA	NA	NA	NA	NA	NA	NA	NA	NA	NA	NA	NA	NA	NA
ARG_01	30	-98	133	20.3	29.1	9.9	19.2	890	431	34	67.5	12	5606	859	1705	351	50	337	287	-13.2	43.8	1524	636	62	1.4	6	41	10	117	93	2202	20	7.5	12.2	2.5	6.4	90.4	0.7	0.2
ARG_02	29	-98	125	20.5	29.1	10.3	18.8	860	430	35.5	67.6	11	5688	808	1738	354	48	339	291	-12.5	43.6	1535	675	62	1.2	5	6	0	142	67	876	20	6.5	5.8	6.3	9.6	75.5	1.5	0.2
ARG_03	29	-98	105	20.7	29.1	10.6	18.6	850	435	36.1	67	10	5751	774	1769	356	46	340	294	-12	43.7	1547	700	62	0.8	18	34	0	86	35	1519	20	7.9	8.2	2.7	3.6	92.6	1.1	0.2
ARG_04	30	-98	140	20.3	29.1	9.9	19.2	886	431	34.1	67.5	12	5596	864	1700	350	51	337	286	-13.2	43.7	1524	638	62	0.9	6	9	0	173	62	1044	25	7.1	6.3	7	8.2	83.1	1.7	0.2
ARG_05	29	-98	104	20.5	29.1	10.3	18.8	867	433	35.2	67.2	11	5689	808	1739	354	48	339	291	-12.5	43.6	1536	668	62	0.5	12	19	0	120	45	826	25	7.9	4.9	6.3	7.7	83.8	2.2	0.2
ARG_06	29	-98	100	20.8	29.2	10.7	18.5	851	436	36.2	66.9	10	5782	758	1786	356	46	341	295	-11.9	43.6	1550	699	62	1.3	4	6	0	187	160	1251	46	6.6	8.8	5.4	15.2	71.1	2.3	0.2
ARG_07	29	-97	50	21.5	29.4	11.9	17.5	880	485	35.8	60.6	7	6019	620	1899	359	43	343	300	-10.1	43.2	1570	690	63	0.5	1	8	2	73	50	1928	21	8.2	10.3	1.8	4	93.3	0.9	0.1
ARG_08	29	-97	20	21.3	29.2	11.7	17.5	956	524	32.7	55.7	7	5944	651	1854	359	42	344	301	-10.2	42.6	1510	554	65	0.7	8	10	0	141	76	712	28	6.4	5.2	7	12.2	68.5	2.3	0.2
ARG_09	28	-97	4	21.6	28.8	12.3	16.6	888	498	35.5	57.8	6	6047	582	1887	362	35	352	317	-7	40.2	1255	403	75	0.5	7	9	5	99	60	1202	72	8	7.1	3.6	7	85	4.4	0.2
ARG_10	28	-97	7	21.6	28.8	12.2	16.6	863	483	36.6	59.7	6	6056	582	1897	362	35	353	318	-6.9	40	1228	401	76	0.9	1	2	4	23	41	1773	58	8.3	9.5	0.6	3.6	93.1	2.7	0.2
ARG_11	28	-97	0	21.6	28.8	12.2	16.6	850	474	37.2	60.8	6	6073	577	1909	362	35	354	319	-6.6	40	1221	410	76	0.8	4	5	5	62	114	650	29	7.1	4.5	3.5	21.1	72.6	2.8	0.1
ARG_12	28	-97	0	21.7	28.9	12.4	16.5	841	472	37.7	61.2	6	6103	565	1927	362	34	355	321	-5.9	39.8	1191	393	78	1	6	9	0	79	86	507	28	6.6	3.8	5.3	18.9	66.7	3.2	0.2
ARG_13	28	-97	6	21.8	29	12.4	16.6	836	456	38	63.5	6	6124	560	1943	363	33	358	325	-4.6	39.4	1101	350	81	0.1	6	18	0	79	55	919	35	8.7	5.4	3.8	8.5	84.9	2.8	0.1
ARG_14	28	-97	7	21.8	29	12.4	16.6	838	457	37.9	63.3	6	6118	562	1939	363	33	358	325	-4.7	39.4	1110	353	80	0.3	8	21	0	46	48	1250	29	8.3	6.9	1.7	5.8	90.7	1.8	0.1
ARG_15	28	-97	0	21.8	29	12.4	16.6	834	459	38.1	63.1	6	6116	562	1937	363	33	358	324	-4.8	39.5	1122	358	80	0.3	1	14	2	131	137	1982	47	8.4	11.6	2.9	9.8	85.5	1.8	0.2
ARG_16	28	-97	0	22	29.1	12.8	16.3	807	459	39.7	63.4	5	6201	523	1996	363	34	358	324	-4.7	39.9	1181	424	79	0.4	7	14	4	64	90	400	162	7.8	3.6	4.6	20.8	55	19.6	0.4
ARG_17	28	-97	3	22.1	29.1	12.8	16.3	815	467	39.4	62.3	5	6221	516	2008	363	34	358	324	-4.6	40.1	1192	431	78	0.1	3	20	4	48	68	1458	33	8.5	8.1	1.5	7	89.7	1.8	0.1
ARG_18	27	-97	3	22	29	12.8	16.2	803	462	39.9	62.7	5	6202	516	1990	363	35	357	323	-4.7	40	1195	437	78	0.6	5	7	9	53	53	1654	37	8.1	9	1.5	4.9	91.8	1.8	0.1
ARG_19	28	-97	0	22.1	29.1	12.8	16.2	820	471	39.1	61.8	5	6216	516	2003	363	34	358	324	-4.6	40	1190	427	78	0.1	5	11	4	29	42	459	43	8.5	2.9	2.6	12.1	78.9	6.4	0.1
ARG_20	28	-97	4	22.1	29	13	16	794	459	40.5	63.2	5	6245	498	2013	363	35	356	321	-4.5	40.2	1225	472	77	0.3	1	2	2	56	71	583	32	7.1	3.8	3.8	15.6	76.9	3.7	0.1
ARG_21	28	-97	8	21.4	29	12.1	17	844	497	37.3	58.4	7	6007	600	1861	360	41	347	306	-9	41.8	1462	623	67	0.4	2	4	5	122	64	440	25	7	3.2	9.8	16.7	70.1	3.4	0.1
ARG_22	28	-97	13	21.5	29	12.4	16.6	917	537	34.4	53.9	6	6030	583	1868	361	41	345	304	-8.9	42.1	1507	596	65	1.2	4	8	6	111	78	1614	29	7.7	9.1	3.1	7.1	88.4	1.4	0.2
ARG_23	27	-98	35	22.8	29.7	13.9	15.8	626	386	52.4	77.1	4	6486	420	2183	362	44	349	305	-6.2	43.7	1664	1039	63	0.5	5	14	5	138	51	1684	22	8.2	9.3	3.8	4.6	90.6	1	0.2
ARG_24	27	-98	11	22.5	28.8	13.9	15	666	411	48.7	70.2	4	6356	431	2064	362	45	350	305	-6.9	42.3	1622	956	64	1.5	6	39	8	268	128	2228	31	8.1	13	5.3	8.2	85.5	1	0.2
ARG_25	27	-98	5	22.4	29.1	13.4	15.7	670	405	48.4	72	5	6334	461	2072	362	44	349	304	-7.2	42.8	1611	942	64	0.5	6	9	5	102	57	565	22	7.6	3.7	7.1	12.8	77.5	2.6	0.1
ARG_26	27	-98	0	22.3	29.5	13.1	16.4	668	404	48.4	73.1	5	6307	489	2073	362	43	348	305	-7.4	43	1581	913	65	0.8	7	18	6	240	170	1956	34	8.1	12	5.1	11.8	81.9	1.2	0.2
ARG_27	27	-98	35	22.6	29.9	13.5	16.4	627	382	52	78.1	5	6422	460	2159	362	45	347	302	-7.1	44.2	1680	1051	62	0.5	4	12	3	189	144	1854	34	8.4	11.1	4.4	10.8	83.5	1.3	0.2
ARG_28	27	-98	40	22.7	29.8	13.7	16	632	387	51.8	76.9	4	6452	437	2166	362	44	348	304	-6.6	43.8	1666	1034	63	0.6	6	8	5	146	100	1040	23	8	6.5	5.8	12.8	79.9	1.5	0.2
ARG_29	27	-98	35	22.7	29.9	13.6	16.3	629	385	51.9	77.7	4	6435	452	2164	362	45	347	303	-6.9	44.1	1677	1048	62	0.5	4	8	3	143	86	1265	22	8.3	7.5	4.9	9.6	84.2	1.3	0.2
ARG_30	27	-98	30	22.5	29.8	13.3	16.5	654	399	49.7	74.7	5	6375	474	2126	362	44	347	303	-7.3	43.8	1643	989	63	1	6	66	9	292	99	2153	28	8.1	12.5	6	6.6	86.4	1	0.2
PET_01	35	-112	2140	7.9	19.4	-2.5	21.9	578	221	30.9	87.5	336	1887	3807	140	163	168	267	99	-35.7	36.4	1051	636	45	1.9	50	95	0	165	300	1623	33	7	11.2	3.8	22.3	72.6	1.3	0.2
PET_02	35	-112	1445	13.8	24.9	3.7	21.3	443	175	53.6	142.4	73	3373	2197	636	258	117	301	183	-24	40.7	1388	948	49	0.2	14	22	0	63	92	508	25	7.2	3.6	4.5	21.3	71.2	3	0.1
PET_03	35	-112	2075	8.6	20.2	-2.1	22.3	451	204	41.1	99	306	2060	3620	189	169	159	269	110	-35.3	37.3	1142	767	44	3.3	17	32	0	427	402	2387	51	6.9	16.6	6.6	20.2	71.9	1.3	0.2
PET_04	35	-112	2166	7.7	19.2	-2.6	21.8	466	213	38.1	90.3	355	1863	3862	132	160	166	265	99	-36.3	36.4	1055	703	44	2.6	21	51	0	333	202	1425	56	6.9	9.9	8.6	17	71.9	2.5	0.2
PET_05	35	-110	1755	10.7	23.2	-1.4	24.6	286	114	72.3	204.2	234	2658	3085	423	194	143	282	139	-34	39.6	1262	1032	44	0.3	6	46	5	193	84	2694	31	8.4	14.8	3.3	4.7	91.1	0.9	0.2
PET_06	36	-106	2110	8.9	20.2	-1.8	22	419	282	45.1	71.6	294	2170	3502	218	187	144	275	131	-34.5	37.4	1108	721	47	4	16	45	8	188	187	2321	20	7.3	13.7	3.5	11.4	84.5	0.6	0.3
PET_07	36	-105	1795	9.8	21.6	-1.9	23.5	380	291	52.2	74.3	277	2536	3273	327	182	136	274	138	-37	39.1	1195	829	41	1.3	7	47	5	178	147	2176	20	8	12.6	3.6	9.7	86	0.7	0.2
PET_08	38	-105	2545	5.4	17	-5.3	22.3	399	211	38.7	80.7	625	1504	4618	58	147	169	255	86	-39.3	34.7	852	558	47	0.9	32	93	0	201	200	1700	24	7.1	10.8	4.8	15.4	78.8	1	0.2
PET_09	38	-106	2325	5.6	18.2	-7.4	25.6	205	133	76	137.1	741	1679	4581	92	141	164	251	86	-43.8	36.6	935	763	41	0.3	12	78	0	332	91	1781	19	8.5	10.6	8	7.2	84	0.8	0.1
PET_10	38	-106	2460	5.6	17.3	-5.1	22.4	276	150	56.5	115.4	609	1544	4562	60	154	161	258	97	-37.6	34.8	838	624	49	0.5	10	25	0	83	82	1357	22	8	7.8	2.7	8.8	87.3	1.2	0.1
PET_11	38	-107	2295	3.5	17.1	-11.8	28.9	243	129	55.7	132.8	1157	1446	5295	54	117	180	241	61	-45.6	37.3	889	727	37	0.4	20	111	0	184	85	923	36	7.7	6	7.9	11.8	77.7	2.6	0.1
PET_12	37	-113	1570	12	24.1	0.7	23.4	309	121	71.3	200	151	2952	2718	531	230	124	290	166	-28.8	41.1	1275	966	49	0.5	34	81	0	264	161	2260	44	8.2	13.5	5	9.9	83.7	1.4	0.2
PET_13	37	-113	1805	10.1	22.4	-0.7	23.1	431	139	46.7	161.1	235	2478	3215	348	210	132	282	151	-31.1	39.4	1128	766	51	1.4	5	9	9	198	97	2805	23	8.1	15.4	3.3	5.2	90.9	0.6	0.2
PET_14	41	-110	2140	5.2	18.8	-8.1	26.9	399	178	38.1	106.1	839	1630	4749	104	159	156	261	105	-40.7	36.5	799	540	50	0.3	3	19	6	88	113	2057	29	8.4	11.6	1.9	8.1	88.9	1.1	0.1
PET_15	41	-106	2240	5.9	17.6	-3.8	21.4	343	209	46.2	84.4	531	1552	4472	71	158	161	255	95	-34.7	35.9	806	516	52	1	33	50	0	155	136	1105	40	7.1	7.2	5.5	15.7	76.4	2.4	0.2
PET_16	40	-105	1415	9.3	23	-3.7	26.7	329	208	58.7	110.7	397	2538	3541	399	188	128	270	142	-37.1	40.8	1043	742	46	0.7	58	82	0	219	174	729	59	5.8	7.3	7.7	19.9	49.9	3.5	0.2
PET_17	40	-105	1510	9.6	22.9	-2.8	25.7	342	212	57.1	107.7	342	2551	3440	391	191	129	272	143	-35.9	40.6	1043	731	47	0.4	22	27	0	128	81	574	29	7	4	8.2	16.9	71.7	3.2	0.1
PET_18	40	-105	1595	9.8	22.8	-1.9	24.7	370	238	53.5	95.8	293	2555	3361	388	198	128	276	148	-33.9	39.9	1052	703	49	0.2	14	77	6	151	110	2048	23	8.2	11.6	3.3	7.9	87.9	0.9	0.2
PET_19	40	-104	1720	9.5	22.4	-1.9	24.2	402	263	48.4	85.1	304	2461	3437	346	192	133	275	142	-34.3	39.4	1015	648	48	0.4	20	32	0	142	98	801	21	7.2	5.3	6.9	15.4	76	1.7	0.1
PET_20	38	-99	585	13.1	27.1	-1.2	28.3	624	401	37.1	67.7	212	3584	2653	909	227	107	292	185	-29.5	43.6	1163	549	56	0.9	23	52	8	129	79	2274	21	8	12.5	2.6	5.3	91.4	0.7	0.2
PET_21	38	-99	570	13.2	27.1	-1.2	28.4	632	404	36.7	67.2	212	3591	2646	912	227	107	293	186	-29.4	43.6	1159	538	56	NA	NA	NA	NA	NA	NA	NA	NA	NA	NA	NA	NA	NA	NA	NA
PET_22	39	-98	465	12.6	26.7	-2.1	28.8	673	428	33.6	62.4	251	3460	2783	848	224	108	292	184	-29.9	43.4	1092	450	57	0.6	11	18	0	103	73	1335	33	7.9	7.7	3.4	7.9	86.8	1.9	0.2
PET_23	38	-97	404	13.5	27.3	-1	28.3	747	452	31.5	60.4	193	3677	2549	943	229	105	296	191	-27.8	43.4	1130	407	60	0.8	20	36	0	88	75	793	22	7.1	4.9	4.6	12.8	80.6	2	0.1
PET_24	37	-98	415	14.3	27.8	0	27.8	723	437	33.5	63.7	156	3871	2375	1040	233	104	297	193	-27.1	44.5	1228	504	58	0.8	5	6	0	91	87	639	22	5.8	5.2	4.5	13.9	61.4	1.8	0.1
PET_25	37	-99	415	14.8	28.4	0.9	27.5	659	389	37.7	72.8	130	4026	2242	1120	234	103	296	193	-27.4	45	1307	647	55	0.8	37	71	0	151	71	1574	36	7.7	9	4.3	6.6	87.4	1.7	0.2
PET_26	37	-99	465	14.9	28.3	1.1	27.2	636	385	39.1	73.4	124	4032	2214	1114	236	102	296	194	-27.2	44.9	1307	672	55	0.1	10	46	5	81	44	652	19	8.1	3.9	5.3	9.4	83.2	2.1	0.1
PET_27	37	-99	470	14.9	28.3	1.1	27.2	637	385	39.1	73.4	123	4031	2213	1113	236	102	296	194	-27.2	44.8	1306	672	55	0.1	6	36	3	40	33	922	19	8.2	5.1	2	5.4	91	1.6	0.1
PET_28	37	-98	350	15	28.5	0.9	27.6	697	408	35.9	69.9	127	4074	2211	1147	237	102	298	196	-26.6	45.4	1286	588	57	0.1	7	19	2	18	32	1258	284	8.6	7.8	0.6	3.4	80.2	15.8	0.6
PET_29	37	-99	480	14.8	28.2	0.9	27.4	615	374	40.2	75.4	130	3992	2253	1098	234	104	294	191	-28.2	44.8	1318	702	53	0.3	3	24	14	47	60	885	367	8.4	6.6	1.8	7.6	66.4	24.2	0.6
PET_30	36	-100	660	14.3	27.4	0.9	26.6	614	379	39.6	72.3	132	3835	2314	994	236	104	295	191	-27.8	44	1271	658	55	1.1	17	74	6	304	135	2634	33	8	15.2	5.1	7.4	86.6	0.9	0.2
PET_31	35	-101	900	14.8	26.9	2.6	24.3	547	361	45.4	74.5	89	3914	2088	955	248	103	298	195	-25.8	42.8	1327	780	54	0.6	11	24	5	110	61	1629	19	8	9	3.1	5.6	90.4	0.9	0.1
PET_32	32	-111	1475	15.5	24.5	6.8	17.7	518	291	49.2	84.3	35	3880	1672	732	294	99	315	216	-19.1	39.7	1459	941	52	0.5	20	55	0	115	99	1175	23	7.3	7.1	4.2	11.6	82.8	1.4	0.1
PET_33	31	-110	1440	16.4	25.2	7.7	17.5	405	245	65	102.8	27	4191	1476	867	314	83	322	239	-16.3	40.4	1461	1057	55	1.6	32	82	0	323	94	2308	20	8.1	13.2	6.3	5.9	87.1	0.7	0.2
PET_34	31	-110	1315	16.9	26	8	18.1	347	215	77.5	120.9	25	4371	1405	979	315	82	322	240	-16.3	41.3	1499	1152	54	1.3	32	143	0	322	98	2403	23	8.1	13.8	6	5.9	87.4	0.7	0.2
PET_35	32	-109	1345	15.7	25.7	6.2	19.5	351	203	73.3	126.7	39	3991	1687	851	273	106	304	198	-22.3	41.2	1565	1215	47	2	47	116	0	451	148	1770	21	7.4	11.3	10.2	10.9	78.1	0.8	0.4
PET_36	32	-108	1300	15.5	26.6	4.9	21.7	262	159	97.6	166.9	53	3957	1832	923	263	106	301	195	-24.5	41.9	1555	1292	47	0.5	17	126	8	685	249	2642	31	8.6	17.2	10.2	12.1	76.9	0.8	0.2
PET_37	32	-107	1250	16.6	27.2	6	21.3	254	160	104.6	170.3	39	4307	1593	1075	283	96	306	210	-21.9	42.3	1592	1339	48	0.2	9	87	5	223	113	2007	22	8.8	11.6	4.9	8.1	86.2	0.8	0.1
PET_38	32	-107	1265	16.4	27.2	5.7	21.5	254	161	104.3	169.3	42	4257	1633	1057	282	97	306	209	-22.4	42.1	1574	1320	49	0.3	17	55	8	274	115	1200	26	8.4	7.8	9	12.3	77.3	1.4	0.1
PET_39	32	-107	1265	17	27.7	6.1	21.6	239	155	113.2	178.2	37	4448	1527	1150	293	91	310	218	-21	42.3	1572	1333	51	0.1	6	13	5	150	80	750	17	8.2	4.9	7.8	13.6	77.1	1.5	0.1
PET_40	32	-107	1200	17.1	27.8	6.2	21.6	215	143	126.4	194.1	36	4493	1509	1179	291	92	308	217	-21.2	42.7	1584	1370	50	0.3	4	48	13	349	140	2238	28	8.6	13.4	6.7	8.7	83.7	0.9	0.2
PET_41	32	-107	1345	15.5	26.4	4.8	21.7	252	161	101.2	164.6	54	3955	1837	923	266	103	301	198	-24.4	41.9	1528	1276	48	0.2	3	11	4	126	111	2002	26	8.5	11.4	2.8	8.1	88.1	1	0.1
PET_42	32	-107	1350	15.8	26.5	5.1	21.4	254	162	101.6	164.3	50	4040	1771	956	276	99	304	204	-23.1	41.9	1513	1259	50	0.3	16	50	11	222	114	1636	20	7.9	9.8	5.8	9.7	83.6	0.9	0.3
PET_43	32	-107	1615	15.7	25.4	5.6	19.8	361	217	71.3	117.3	44	3998	1717	877	306	84	316	232	-18.5	40.6	1371	1011	58	0.9	41	126	0	206	158	2939	23	7	16.6	3.2	7.9	88.3	0.6	1.4
PET_44	31	-106	1070	16.9	27.6	6.1	21.5	261	181	103.3	152.2	38	4430	1547	1183	271	97	300	203	-24	42.4	1687	1426	45	0.1	5	37	4	145	77	1964	43	8.5	11	3.4	5.8	89.1	1.7	0.2
PET_45	31	-105	1210	16.6	26.3	6	20.3	296	214	89.9	122.8	37	4316	1548	1080	283	93	306	213	-22.3	42.8	1585	1288	49	0.2	15	28	7	113	60	1011	18	8.3	5.9	4.9	8.5	85.3	1.3	0.1
PET_46	31	-103	765	18.3	28.7	6.6	22.1	333	215	85	133.4	30	4895	1334	1453	292	89	310	220	-21.5	45	1629	1297	51	0.8	2	19	5	189	66	2291	22	8.3	12.6	3.8	4.4	91	0.8	0.2
PET_47	32	-103	840	18	28.3	6.3	22	336	219	83.2	129.1	32	4781	1381	1381	291	90	309	219	-21.7	44.7	1596	1260	51	0.1	7	9	5	65	28	486	19	8.3	2.9	5.7	8	83.5	2.8	0.1
PET_48	32	-103	840	18	28.3	6.4	21.9	327	218	85.6	130.1	31	4803	1374	1398	290	90	309	219	-21.7	44.9	1603	1275	51	0.7	5	14	8	147	56	1920	21	8.2	10.5	3.6	4.4	91.1	0.9	0.2
PET_49	32	-103	925	17.4	27.7	5.9	21.8	336	225	81.6	122.8	36	4596	1469	1274	284	92	307	215	-22.3	44.2	1572	1236	51	0.1	8	10	2	37	28	332	22	7.6	2.1	4.5	11.1	79.8	4.6	0.1
PET_50	33	-102	905	16.7	27.1	5.2	21.9	442	293	60.4	92.5	44	4354	1604	1155	276	95	306	211	-22.8	43.7	1489	1046	53	0.1	10	26	6	195	102	1762	33	8	10.3	4.9	8.3	85.4	1.4	0.2
